135435911
2561190
1864299
6862604
645365
676085
135439775
6904494
5347423
2089022
943384
3962842
5389246
3110124
647501
135845989
2943685
135473431
1831132
9551365
135422608
9550593
2508299
1295791
3090189
654733
3118982
135521482
2896277
15945355
2965851
2721335
760036
208719
5398550
65327
135443118
878585
1096383
4148772
5691857
672375
9626366
9661081
2363542
930620
135497920
75037
3116427
135501967
693371
736374
3478721
2921541
5824801
5010280
135466207
44142057
797378
2090567
44601537
6905901
2920402
135497995
6465235
1936560
791713
9557232
1537038
6470895
2301119
6023693
4263719
9635209
73157
6872597
2124187
6905413
3794723
6403417
6470683
5995876
3110581
4570895
2114546
2734449
135439848
652480
1880649
2057165
899452
3198832
135517005
2412504
654248
2870396
2808586
4840954
3215957
3138755
5114648
902193
135439710
9550008
1154427
135497976
1949127
5281855
9552020
805223
5441374
9549963
24789267
5168995
3929515
135460420
728514
1090308
3144995
6602830
3197965
22583081
3128209
800646
16752663
4175307
2925127
5727207
12006167
4447969
135517152
3129243
2997527
5852098
2452051
4961648
2896518
3108106
2876731
3957854
135521434
2885266
9625660
9654636
851958
16807549
3242810
135517094
5870463
2134372
135517118
650702
135420774
2504528
2807928
2420336
1891999
2443805
3191728
16812389
900806
2531772
3206295
1120962
2458897
1295575
2229132
2128947
2530535
2896669
135425007
3372555
5347983
1420598
4260640
3191638
3152897
24981967
659630
3202425
3243195
1249482
4240685
4108280
24790903
9360064
4485
11414033
644901
3237751
1453278
12006187
578058
4836362
2333509
1883073
5085271
2115242
135517096
2406331
8219205
887990
1490269
135401294
44202439
2149567
17584476
135425037
3912197
135425023
3091264
1485477
799944
2845421
650998
135484398
24790050
918318
3228248
135517087
2939288
676369
2872121
16682428
5080495
2078638
24747455
16012132
44202059
2377815
4182036
606080
135517022
6873495
1370348
843678
44142692
2971444
3774350
2677570
2147111
1214257
2305909
3240186
4917203
135425020
135497984
5440144
135444858
135497940
934904
2439838
135521476
6907378
2922086
25243789
4464785
974405
3992501
664943
9628228
834473
44142050
665102
3237586
5824722
24790041
597363
5333818
135472807
24817586
24820087
6873313
1050416
4638554
1965859
1305458
1907744
24817254
17379494
1875186
3192828
24819986
6602672
660055
2133292
2947452
4333683
5711036
649398
54687288
859639
3168140
24789769
9609431
3571297
22551412
2177567
16807543
12005302
24762071
16007641
2378329
3450258
1287415
830665
4218679
655942
24791295
11834398
5735464
4967046
5142573
135403580
135481361
24817255
135401426
2422483
645215
9562988
1227150
2837672
651293
4437603
3657896
135521417
135558932
9550250
2933162
9774488
751670
2966040
1121490
2945579
135498011
547914
2104090
9596269
23664089
1254960
135490280
1327906
2928698
2998767
2948031
16745874
12006135
751586
1718167
135425029
2849510
4999481
24761173
7996726
667573
3192987
3240162
2890716
24747373
749095
838383
4158063
856019
1069254
3386822
3235398
6246323
6602921
9556767
778154
4868361
6465210
1226683
3129253
2966450
2572507
12004489
135520027
22551764
9637339
5734448
135470005
9660914
5734490
4230488
2396278
1009382
651774
2815848
135517060
135497998
3240730
3138330
1238236
135521469
9579733
135497974
135401424
1962220
2514618
844228
5877648
893627
2872206
2877824
12005168
3239069
843881
4785644
2920952
881215
787868
5331443
6185375
18575102
12006169
2337386
1011052
9594209
1160939
215090
2900185
2815268
5717122
135521420
2064069
5080063
3161163
3508287
6901569
9554433
5346381
9590296
135521587
23723028
5346075
44142804
752743
135444136
135517166
5738082
1292746
3129448
4907806
5552799
5405847
1534928
948801
1997393
135484279
135517165
3196508
3244122
24761221
891888
2017227
980571
1581363
682756
2417657
17583883
404503
3625258
6603604
3235672
970829
9549917
2193552
54677920
2951459
135517114
2893281
135498054
675749
135439717
44825981
698133
4128964
135466091
16833702
135403586
2814665
16404473
2155600
22518136
2999977
44142579
751582
24789625
44142246
4403355
7289711
3538559
15944741
2084785
135479518
3257857
4578120
135430201
6875051
5331382
15945331
1090056
460749
2917531
24817257
799395
2876499
3140495
7245310
659929
1472470
3686662
135426834
3640363
135497985
5624298
9589758
2410199
6878045
2877075
16752662
882720
135460566
24981101
5349620
16017527
9562940
2192679
2715724
3811656
3735802
2836853
705256
1483132
17580184
5385000
4189659
135401277
1092464
4105359
2876575
135420208
2083510
2829992
3158067
16017324
1207945
3227838
658111
2106192
2057118
5509654
798232
895772
20862125
3243420
2958650
2440506
2490950
801955
135401252
1224165
9238203
2471305
2384236
7254819
5741945
1386886
4172489
24789276
135519955
662399
3665533
16060009
135401349
12005287
2897814
2295169
5441368
4849818
9550364
11834505
932597
4330749
135473430
617057
135444340
16008764
3245569
2966254
3335609
3178307
741948
6900758
135693201
2089376
5689963
6904313
4911266
135521499
3221960
6602686
5892192
2352096
4209877
2920940
1083882
1914872
3155762
2350919
644611
3243038
3592691
623689
852394
666722
135446701
2916405
16405646
44202798
16060039
24818067
9616086
3185139
649992
135684269
6876357
4377849
1931465
135419650
2931982
3188691
4187185
601670
2215524
3634352
3555173
4026064
7314659
9666324
2963113
3432423
666116
2814640
2371253
5756577
9563422
807412
12005552
1008368
135469942
7207435
9566932
1088156
4885837
6236746
135510946
2919324
9564164
4588832
44202460
615593
3196509
6460643
3784095
12004894
155290
2373994
648736
2121076
2930652
24789481
2870407
15944723
4371580
761840
4077726
2335243
2489961
3473830
2271808
3892660
3293421
3162837
2469982
135421713
135521623
44142819
4548579
2404883
135432786
648374
9551063
5302421
24819961
2858173
54711863
2870196
930290
3697247
3155772
1295693
135470890
135401444
3570131
15944722
2320755
654498
2557794
2708827
2958977
797304
135521558
3308
3237441
24790407
135401468
3999223
4525029
2526884
666007
1188014
1090312
15944702
728528
3241501
135400287
135517015
9616533
1473245
2454965
135497968
765284
2472898
5735038
12005169
4621376
5311067
1299520
2984273
3742300
4900532
135497964
6904454
24792919
745362
6876815
9689461
135467572
16019819
2813012
6877639
1176317
4961646
4438422
2739954
1933179
2952090
740914
135469903
5399054
3475954
4586109
3239235
4638552
2876915
16034541
54688584
2125699
44246513
1341336
4395364
844036
859620
9725965
16196190
1010988
135531840
3211933
5390849
4644032
1105927
2999375
3037
710241
3431552
135477763
15945060
5309085
3503
22550802
5713900
44223946
2530053
16825531
5058847
135520033
2897727
644661
6211931
2515806
2383064
624107
22515899
1308688
135521605
167520
135517059
5400585
6880919
9659012
6225958
9166825
12006134
777819
7314608
9688881
1117371
24789504
2898209
15944801
7314640
2348921
2083279
2963841
2290279
4910360
8103
22517479
5513811
54705756
2877257
9611292
135398919
4542341
2772318
1132911
798022
135521586
135425036
227456
5349826
24789460
7150980
2282752
1092821
2535200
5048960
12005717
135401302
2931388
3155783
135401258
2356903
9643441
12006186
16745830
24820042
17582529
2323124
3878400
24794068
135425030
6392809
16279496
135497975
6884223
2898168
16682477
6202153
1420934
16060013
5717
1007780
20903731
135521626
6459993
2310813
2385601
2471449
9626658
677475
135420789
16254151
135451196
4672308
1962096
2294766
655173
6884713
12005792
2108058
843322
135429731
3205780
3157950
2866345
3138348
799236
20927887
951610
2853037
864201
3119402
9710824
3164211
44201674
2324620
24790237
3859741
135451179
3148178
2204903
2345373
5730111
647754
2449860
6997824
6889838
135512438
12005584
5918347
135521615
16193055
4183195
1791940
5390233
9585555
1250233
5309154
1475477
799959
6903089
1304219
6889494
4343540
4062821
3682589
2622645
2097351
716780
135517033
3132202
16745534
9654767
3191502
731219
135446674
135427759
4848262
972394
2949086
5394508
87247
135517143
4381126
4549057
1229795
2078229
135521547
1975036
135517111
135401386
24789497
3129244
135517016
5190015
661510
2915854
24819855
9627256
906542
2993330
775147
638860
1189783
3406543
9704647
24817263
135521442
135473444
9563955
3196510
2526861
9613462
1136282
211186
1768585
2998040
2815694
2500386
24892192
1312344
645492
660907
3206178
4132226
135412130
135401274
44246519
135403077
9591949
1435093
2416356
5928454
708625
850148
2207202
2497380
649868
9629893
2149958
16195148
4181547
2527791
9441134
6268409
24791306
880528
12006188
4357675
6872889
1389181
135521496
722579
7998858
135521493
4177420
16195219
4679126
135468790
3242436
5897880
2145491
6904280
135497987
3136126
4220289
992968
892424
15944772
3813856
2386197
135497926
3688563
3164038
135411765
3590295
2057784
4137407
2107696
2966178
24761147
1632360
3198732
135517028
911911
848608
54688245
44142065
1243581
12006154
12005204
5737363
657485
2921134
4588426
3244307
1177253
2922056
2102546
3191469
9662819
986562
44202950
2974727
9636511
3396520
565801
1477665
738894
24819115
135472652
3769494
5824720
6884492
9566958
4418
9549130
826461
44142071
5341357
4944777
3244099
9637968
2999499
25102676
2558401
9634772
4794522
12006204
