644611
644661
645365
645492
647501
648374
648736
649398
597363
649868
649992
651293
651774
652480
654498
655942
657485
659929
6602830
660907
661510
664943
665102
666722
2997527
2348921
2097351
2998767
2108058
2310813
2323124
2999977
2121076
3235672
3237441
3237586
3239069
3240186
3242436
3244307
3245569
930620
893627
1188014
5741945
880528
638860
1249482
1299520
948801
2925127
805223
1160939
3037
4377849
4395364
460749
3206295
3206178
705256
900806
9549963
5918347
2966450
9550250
2917531
9551063
2057165
1120962
4371580
930290
2320755
2417657
1189783
4181547
3686662
3590295
1007780
9563955
1008368
4077726
1907744
826461
1117371
3962842
778154
3091264
9563422
615593
1083882
7314640
3197965
3202425
3293421
1632360
1475477
9566932
5341357
9566958
5735038
2294766
5734490
799395
2829992
5734448
2963113
2974727
5509654
2898209
1327906
1295791
1295693
2890716
1010988
1341336
970829
3640363
1975036
859620
738894
2301119
135497987
2928698
859639
4381126
4330749
12005302
3735802
722579
3774350
2134372
2147111
9557232
3257857
5399054
2106192
4447969
4961648
2454965
2849510
2561190
1121490
3878400
2385601
4175307
3929515
3592691
2472898
4187185
215090
87247
5349620
135435911
2083279
6904494
2870196
3162837
4182036
6878045
736374
1312344
906542
2452051
1214257
951610
972394
1069254
677475
3178307
3110581
3198832
2870396
843322
761840
3211933
1250233
2870407
728528
1092464
765284
3198732
1537038
3129448
2149567
2145491
3794723
211186
16195219
3128209
6246323
73157
2514618
2412504
2352096
2497380
9643441
3992501
9661081
2064069
6403417
2078638
16196190
2104090
2515806
2526861
2449860
2356903
1177253
2102546
4836362
2443805
4542341
2078229
2416356
3473830
135845989
2558401
2017227
54677920
16682428
9666324
1864299
16682477
1420934
6880919
2083510
2458897
2410199
601670
5717
4418
135684269
16745830
2815268
5713900
887990
2845421
676085
2282752
728514
2971444
135472652
9585555
2965851
2966254
2898168
708625
3158067
2943685
5302421
1154427
1105927
3192987
3152897
2853037
17584476
24747373
17583883
24747455
4437603
1831132
9636511
17582529
3634352
1009382
17580184
5928454
24761147
24761173
4621376
24761221
675749
1224165
741948
3912197
135403580
2952090
135451179
20903731
2057118
4794522
2815694
740914
7996726
2384236
6903089
5114648
6268409
4961646
2333509
3475954
3859741
3811656
2440506
4586109
4868361
2406331
2530053
710241
24762071
2396278
3555173
24789267
24789276
20862125
24789460
24789481
24789497
24789504
24789625
24789769
9609431
5824722
4917203
4189659
4438422
1304219
24790041
24790050
24790237
24790407
2734449
807412
22583081
24791295
24791306
22515899
4911266
16017527
135693201
16034541
22551764
16017324
16019819
4944777
7254819
135531840
1936560
3191638
2939288
3191502
3196510
3196508
9596269
4137407
54688584
5824720
24792919
2420336
3221960
3196509
3191728
3191469
5756577
6023693
16007641
22518136
22517479
6460643
16404473
1891999
2915854
6470683
6470895
4679126
24817254
24817255
24817257
24817263
2958977
4900532
4907806
4910360
9662819
9637339
1768585
4220289
2229132
2993330
6465235
986562
5897880
2193552
2951459
2949086
1949127
17379494
1295575
24819855
24819986
6236746
24820042
135484279
6225958
24820087
2739954
2814640
2808586
9611292
2813012
2815848
2814665
16825531
16807543
16812389