460749
601670
647501
676085
677475
741948
761840
887990
948801
1008368
1177253
1304219
2294766
2965851
2999977
4621376
6602830
24817254
44634770
45382022
45382030
45382031
45382032
45382033
45382035
45382036
46861521
46861522
46861524
46861525
46861529
46861531
46861531
46861533
46897830
46897835
46897837
46897839
46897844
46897845
46897848
49849272
49849273
49849274
51003635
51003636
51003640
51003642
51003644
51003649
53308707
53308709
53308715
53308717
53308719
53308723
53308727
53308729
53308733
69361347
135472652